[PixelX]
xPixel_0=1350.510801
xPixel_1=1299.885453
xPixel_2=1254.334294
xPixel_3=1031.260765
xPixel_4=984.655354
xPixel_5=937.554714
xPixel_6=715.309151
xPixel_7=667.833692
xPixel_8=620.990365
[PixelY]
yPixel_0=1269.604719
yPixel_1=1586.039493
yPixel_2=1900.259562
yPixel_3=1222.768965
yPixel_4=1535.852612
yPixel_5=1850.730731
yPixel_6=1174.032533
yPixel_7=1486.228195
yPixel_8=1801.643911
[PosX]
xPos_0=235.150000
xPos_1=241.150000
xPos_2=247.150000
xPos_3=235.150000
xPos_4=241.150000
xPos_5=247.150000
xPos_6=235.150000
xPos_7=241.150000
xPos_8=247.150000
[PosY]
yPos_0=-319.090000
yPos_1=-319.090000
yPos_2=-319.090000
yPos_3=-313.090000
yPos_4=-313.090000
yPos_5=-313.090000
yPos_6=-307.090000
yPos_7=-307.090000
yPos_8=-307.090000
[RoateCenter]
x1=1009.467057
y1=1454.996855
x2=918.254261
y2=1611.704156
angle=60.000000
[Calib]
xCenter=828.145123
yCenter=1454.320645
xMaxOffset=1.5846140524
yMaxOffset=1.3749970410
PixWidth=0.0187951865
